[
0.008055231533944607,
0.009277797304093838,
0.008088634349405766,
0.0074879624880850315,
0.01051483117043972,
0.010203622281551361,
0.008013235405087471,
0.011100702919065952,
0.0080869747325778,
0.008693725802004337,
0.00839325226843357,
0.01005745492875576,
0.008348126895725727,
0.009175537154078484,
0.00936897099018097,
0.008354168385267258,
0.007878368720412254,
0.008430574089288712,
0.007796089164912701,
0.007620875723659992,
0.00833992287516594,
0.015127604827284813,
0.009694334119558334,
0.011441518552601337,
0.010092256590723991,
0.011496136896312237,
0.009520964697003365,
0.012647724710404873,
0.009417627938091755,
0.008891889825463295,
0.0068204207345843315,
0.008863958530128002,
0.00855325348675251,
0.007897850126028061,
0.006281149107962847,
0.0068644811399281025,
0.008965899236500263,
0.011132815852761269,
0.007741681765764952,
0.008795798756182194,
0.007213907316327095,
0.00754861906170845,
0.011450385674834251,
0.010111329145729542,
0.00799819640815258,
0.008826377801597118,
0.008518240414559841,
0.008654767647385597,
0.006967673543840647,
0.00734548456966877,
0.014363592490553856,
0.009852065704762936,
0.00850964616984129,
0.00900515541434288,
0.009601091966032982,
0.011796089820563793,
0.007819009944796562,
0.007800526916980743,
0.00859472993761301,
0.007461650762706995,
0.007873677648603916,
0.007748432923108339,
0.01983451284468174,
0.007651102263480425,
0.010793110355734825,
0.008396737277507782,
0.007550523150712252,
0.009752975776791573,
0.010883068665862083,
0.008738419972360134,
0.007800552994012833,
0.01122839841991663,
0.011222251690924168,
0.007715573068708181,
0.007941936142742634,
0.010555175133049488,
0.008162422105669975,
0.0095614492893219,
0.006243402604013681,
0.009158361703157425,
0.009250574745237827,
0.007462815381586552,
0.00798777211457491,
0.008276756852865219,
0.008777130395174026,
0.007772888522595167,
0.006650371942669153,
0.0074120014905929565,
0.01044011302292347,
0.009183314628899097,
0.012582390569150448,
0.007279381155967712,
0.008557423949241638,
0.009038920514285564,
0.01016741618514061,
0.009589186869561672,
0.007806551642715931,
0.010569090954959393,
0.01006079837679863,
0.010628127492964268,
0.008481857366859913,
0.007206365000456572,
0.009227522648870945,
0.00819265004247427,
0.0065457806922495365,
0.01176214125007391,
0.011231145821511745,
0.008580414578318596,
0.006912980694323778,
0.008572240360081196,
0.007559779100120068,
0.009362277574837208,
0.010889805853366852,
0.009485858492553234,
0.00723915034905076,
0.009529727511107922,
0.012988769449293613,
0.011967631988227367,
0.008855768479406834,
0.008459891192615032,
0.008899608626961708,
0.008622453548014164,
0.009335566312074661,
0.012064664624631405,
0.008039725013077259,
0.00852840207517147,
0.009205358102917671,
0.008471118286252022,
0.00970657728612423,
0.011378143914043903,
0.008229687809944153,
0.008444621227681637,
0.008731731213629246,
0.011477353051304817,
0.01638112962245941,
0.009838377125561237,
0.007577409502118826,
0.011977026239037514,
0.009441226720809937,
0.008342674933373928,
0.0071852440014481544,
0.009468460455536842,
0.008662874810397625,
0.011382747441530228,
0.009453123435378075,
0.00842901598662138,
0.008517535403370857,
0.009482279419898987,
0.009510155767202377,
0.007447866257280111,
0.009425793774425983,
0.008954630233347416,
0.007787314243614674,
0.008084962144494057,
0.008618867956101894,
0.011181405745446682,
0.008701255545020103,
0.0071177356876432896,
0.007196926046162844,
0.011795124970376492,
0.01045301090925932,
0.007529858965426683,
0.009548554196953773,
0.010115562938153744,
0.009923783130943775,
0.013747703284025192,
0.013914771378040314,
0.0159878209233284,
0.009732518345117569,
0.011410249397158623,
0.012015435844659805,
0.008657576516270638,
0.010255930945277214,
0.007913192734122276,
0.010160967707633972,
0.009024213999509811,
0.008691765367984772,
0.00888569001108408,
0.007569465786218643,
0.008750253356993198,
0.010615983977913857,
0.006885692477226257,
0.01144174300134182,
0.01003939937800169,
0.008252655155956745,
0.008326617069542408,
0.012007158249616623,
0.008102931082248688,
0.007960044778883457,
0.008891674689948559,
0.010290658101439476,
0.008481819182634354,
0.008214962668716908,
0.009745334275066853,
0.007895705290138721,
0.007510934956371784,
0.011238264851272106,
0.007258335594087839,
0.010109607130289078,
0.01472648698836565,
0.009725281037390232,
0.013271265663206577,
0.008801029063761234,
0.013808977790176868,
0.011509489268064499,
0.010111249051988125,
0.01127643883228302,
0.00883314199745655,
0.010183857753872871,
0.008484626188874245,
0.006451474968343973,
0.012818793766200542,
0.007984126918017864,
0.009364419616758823,
0.0078040785156190395,
0.00793502014130354,
0.008497069589793682,
0.006542107556015253,
0.0076298159547150135,
0.012830923311412334,
0.018177442252635956,
0.011071584187448025,
0.010643317364156246,
0.006771887186914682,
0.008305327035486698,
0.0075941747054457664,
0.007832338102161884,
0.011541017331182957,
0.009053600952029228,
0.01027661468833685,
0.007869093678891659,
0.00925369095057249,
0.008829690515995026,
0.011575339362025261,
0.007713037077337503,
0.010212495923042297,
0.012136883102357388,
0.008525828830897808,
0.008963975124061108,
0.00651443749666214,
0.006829661317169666,
0.008254876360297203,
0.007272514048963785,
0.008439337834715843,
0.007142021786421537,
0.009943995624780655,
0.01042810920625925,
0.008025201968848705,
0.011607960797846317,
0.008674259297549725,
0.007940095849335194,
0.006433038040995598,
0.00775838503614068,
0.010855642147362232,
0.010108656249940395,
0.00833446066826582,
0.007595099043101072,
0.009134175255894661,
0.007049325853586197,
0.011207658797502518,
0.00863449927419424,
0.008844615891575813,
0.008343914523720741,
0.007775603327900171,
0.011651095002889633,
0.00853674579411745,
0.009430103935301304,
0.007613587658852339,
0.009342692792415619,
0.01071178913116455,
0.00638915179297328,
0.009080600924789906,
0.007484836038202047,
0.013432752341032028,
0.010707859881222248,
0.007934371940791607,
0.008425512351095676,
0.0077433655969798565,
0.013001867569983006,
0.008741125464439392,
0.010859299451112747,
0.009266497567296028,
0.008648383431136608,
0.008397738449275494,
0.008089066483080387,
0.011692898347973824,
0.008297461085021496,
0.012884375639259815,
0.009531139396131039,
0.008538812398910522,
0.006960510741919279,
0.007470231503248215,
0.011263595893979073,
0.008093184791505337,
0.00957306195050478,
0.01005854457616806,
0.012494126334786415,
0.007637542672455311,
0.010271432809531689,
0.006969715002924204,
0.0084349000826478,
0.008330479264259338,
0.009407153353095055,
0.009565604850649834,
0.010348577983677387,
0.007722268346697092,
0.00867808610200882,
0.006133774295449257,
0.009901691228151321,
0.0066802166402339935,
0.0077931927517056465,
0.011745298281311989,
0.006709700915962458,
0.012887507677078247,
0.012480019591748714,
0.013460186310112476,
0.008591086603701115,
0.00789161678403616,
0.011904632672667503,
0.007852818816900253,
0.007711288519203663,
0.007696628104895353,
0.007697448134422302,
0.012317392975091934,
0.011766797862946987,
0.010079434141516685,
0.008004330098628998,
0.01021190918982029,
0.008511246182024479,
0.006956081837415695,
0.010343129746615887,
0.01120538916438818,
0.008025692775845528,
0.007876641117036343,
0.008202020078897476,
0.00793518591672182,
0.008266548626124859,
0.008533256128430367,
0.007276762742549181,
0.008130986243486404,
0.010374244302511215,
0.011884576641023159,
0.009274689480662346,
0.009005612693727016,
0.011476344428956509,
0.010713431984186172,
0.03294523060321808,
0.0073863244615495205,
0.008574812673032284,
0.010432352311909199,
0.01007070578634739,
0.007691652979701757,
0.010405386798083782,
0.010649577714502811,
0.009209994226694107,
0.010447139851748943,
0.009020215831696987,
0.007753646466881037,
0.0075522600673139095,
0.00928596593439579,
0.008000803180038929,
0.009254978969693184,
0.009517359547317028,
0.012054834514856339,
0.010188061743974686,
0.007854592055082321,
0.010681538842618465,
0.0064073833636939526,
0.00922477152198553,
0.00833278801292181,
0.007944838143885136,
0.007115439977496862,
0.00966460071504116,
0.009491517208516598,
0.026801390573382378,
0.010671204887330532,
0.0091431625187397,
0.007432369980961084,
0.009335256181657314,
0.007330664899200201,
0.018308186903595924,
0.010429750196635723,
0.008430342189967632,
0.008924918249249458,
0.008605699054896832,
0.010716983117163181,
0.024203022941946983,
0.009845848195254803,
0.014080137014389038,
0.01279616728425026,
0.01058860681951046,
0.008621501736342907,
0.0095250578597188,
0.00992683507502079,
0.006880550645291805,
0.009852147661149502,
0.007793043274432421,
0.007636308204382658,
0.008349274285137653,
0.008786835707724094,
0.008375745266675949,
0.021386487409472466,
0.010553140193223953,
0.010010601952672005,
0.007969383150339127,
0.009247000329196453,
0.012892774306237698,
0.007887414656579494,
0.008763200603425503,
0.008536324836313725,
0.008809839375317097,
0.007894637063145638,
0.011484190821647644,
0.009180087596178055,
0.008185780607163906,
0.007392894010990858,
0.011741076596081257,
0.00885741412639618,
0.005935026798397303,
0.00810257624834776,
0.008276907727122307,
0.010613284073770046,
0.009426969103515148,
0.008140651509165764,
0.008233201690018177,
0.009566725231707096,
0.009082752279937267,
0.009936266578733921,
0.007868492044508457,
0.010678309015929699,
0.009050835855305195,
0.00775791984051466,
0.010247228667140007,
0.016926322132349014,
0.009468067437410355,
0.009127592667937279,
0.007301344070583582,
0.0076607572846114635,
0.007418215740472078,
0.009533637203276157,
0.007242794614285231,
0.011098606511950493,
0.008293435908854008,
0.008487393148243427,
0.010696182027459145,
0.008522453717887402,
0.007883323356509209,
0.019575441256165504,
0.00942294578999281,
0.00898416806012392,
0.013868534937500954,
0.009593796916306019,
0.014149414375424385,
0.009861047379672527,
0.007748035714030266,
0.009234470315277576,
0.012191660702228546,
0.008015042170882225,
0.008139415644109249,
0.012263961136341095,
0.011157110333442688,
0.012166431173682213,
0.010865485295653343,
0.007671750150620937,
0.012189275585114956,
0.008263574913144112,
0.008417968638241291,
0.00865301862359047,
0.010637802071869373,
0.00896035972982645,
0.008451709523797035,
0.008715334348380566,
0.009852507151663303,
0.009356043301522732,
0.00927064474672079,
0.009064605459570885,
0.010495895519852638,
0.00848231092095375,
0.008496478199958801,
0.007135785184800625,
0.00990972574800253,
0.00750105082988739,
0.00742073031142354,
0.010791067034006119,
0.008506386540830135,
0.010538872331380844,
0.009196225553750992,
0.010026858188211918,
0.006521507631987333,
0.007609454449266195,
0.009366188198328018,
0.010078852996230125,
0.009977874346077442,
0.012485124170780182,
0.010331042110919952,
0.007491529453545809,
0.008200859650969505,
0.01009838841855526,
0.011916703544557095,
0.008674358949065208,
0.00792417861521244,
0.007754059508442879,
0.00825681071728468,
0.015197516418993473,
0.009349750354886055,
0.007495873607695103,
0.014030953869223595,
0.01274342741817236,
0.010593031533062458,
0.0072193932719528675,
0.007770612835884094,
0.0066202180460095406,
0.01317562349140644,
0.012739651836454868,
0.009507540613412857,
0.008155716583132744,
0.006033926270902157,
0.008295103907585144,
0.007320777513086796,
0.007328697945922613,
0.007210513576865196,
0.008625207468867302,
0.008944127708673477,
0.0077570900321006775,
0.009367566555738449,
0.007406269665807486,
0.010846231132745743,
0.009637689217925072,
0.0077391816303133965,
0.008164972066879272,
0.009511751122772694,
0.010616818442940712,
0.008197047747671604,
0.007606572471559048,
0.009800123050808907,
0.00762526411563158,
0.009172662161290646,
0.007566196843981743,
0.01081115659326315,
0.010894188657402992,
0.008044487796723843,
0.006665454246103764,
0.008268823847174644,
0.008915819227695465,
0.008451048284769058,
0.00783145148307085,
0.008497818373143673,
0.008355211466550827,
0.006992016453295946,
0.007831805385649204,
0.009330939501523972,
0.014152309857308865,
0.008941391482949257,
0.008583476766943932,
0.014145233668386936,
0.00870991125702858,
0.008890514262020588,
0.008620201610028744,
0.01009406428784132,
0.009740469977259636,
0.008086205460131168,
0.010598469525575638,
0.007383317686617374,
0.009626615792512894,
0.010064555332064629,
0.01422822754830122,
0.0076141697354614735,
0.011267639696598053,
0.010745646432042122,
0.007025749888271093,
0.007250811904668808,
0.009295967407524586,
0.007843160070478916,
0.011471394449472427,
0.007686974015086889,
0.007459576241672039,
0.009459017775952816,
0.009584962390363216,
0.009402133524417877,
0.008282624185085297,
0.014521068893373013,
0.008093850687146187,
0.009553395211696625,
0.007602487690746784,
0.013276003301143646,
0.008562618866562843,
0.006892497651278973,
0.005932728759944439,
0.008672386407852173,
0.013970294035971165,
0.008920298889279366,
0.010747619904577732,
0.010324344038963318,
0.013612605631351471,
0.008061765693128109,
0.009398640133440495,
0.010782893747091293,
0.01313567440956831,
0.00858567375689745,
0.011369073763489723,
0.012159795500338078,
0.007835003547370434,
0.011151796206831932,
0.009109011851251125,
0.010244973935186863,
0.008853030391037464,
0.006794295739382505,
0.010241923853754997,
0.009375081397593021,
0.007552012335509062,
0.010039237327873707,
0.010204021818935871,
0.01166500523686409,
0.007273718249052763,
0.007327448111027479,
0.008328918367624283,
0.011790530756115913,
0.010419425554573536,
0.007543304469436407,
0.010956951417028904,
0.009450607001781464,
0.007183609530329704,
0.0089157959446311,
0.011370457708835602,
0.008270186372101307,
0.010643965564668179,
0.007317985873669386,
0.01086500659584999,
0.03044806979596615,
0.008725735358893871,
0.009365270845592022,
0.008623856119811535,
0.01092385221272707,
0.012790918350219727,
0.011539149098098278,
0.008001076988875866,
0.011952188797295094,
0.008149360306560993,
0.012415796518325806,
0.00701512023806572,
0.007885059341788292,
0.006510396022349596,
0.010850289836525917,
0.00845895241945982,
0.010786955244839191,
0.0105488495901227,
0.007387100253254175,
0.006693701259791851,
0.01022159494459629,
0.007674497086554766,
0.011185996234416962,
0.008061598986387253,
0.0074620614759624004,
0.008745064027607441,
0.00846775807440281,
0.010245222598314285,
0.01040575560182333,
0.009766772389411926,
0.0066087921150028706,
0.007729121949523687,
0.008712546899914742,
0.010396734811365604,
0.007920458912849426,
0.00777352973818779,
0.00909343920648098,
0.008262339979410172,
0.0076238615438342094,
0.007935086265206337,
0.01217889878898859,
0.008487449027597904,
0.008384901098906994,
0.007351741194725037,
0.010504473000764847,
0.020828453823924065,
0.01073550060391426,
0.008666024543344975,
0.007906441576778889,
0.008532477542757988,
0.008977930061519146,
0.009411774575710297,
0.008848519064486027,
0.010842246003448963,
0.008727656677365303,
0.010151638649404049,
0.009231343865394592,
0.00740036042407155,
0.006350803654640913,
0.009233730845153332,
0.007756255567073822,
0.008633440360426903,
0.010767653584480286,
0.0072611370123922825,
0.010046887211501598,
0.007568402215838432,
0.010689404793083668,
0.009042086079716682,
0.009165150113403797,
0.010797708295285702,
0.007726368959993124,
0.007639392279088497,
0.007611209526658058,
0.006947587244212627,
0.009214458987116814,
0.013483227230608463,
0.015864994376897812,
0.010509643703699112,
0.008208615705370903,
0.011130476370453835,
0.00955712515860796,
0.008612805977463722,
0.007043784949928522,
0.011955415830016136,
0.010060002095997334,
0.01651817187666893,
0.00780980521813035,
0.010500811971724033,
0.009412948973476887,
0.008724309504032135,
0.00955432839691639,
0.011156406253576279,
0.008421341888606548,
0.011275534518063068,
0.013062129728496075,
0.009787818416953087,
0.006942880805581808,
0.013547098264098167,
0.01034546084702015,
0.0078841932117939,
0.008730924688279629,
0.00989603903144598,
0.007502896711230278,
0.014034229330718517,
0.010498161427676678,
0.009583934210240841,
0.010836321860551834,
0.015781568363308907,
0.008097195997834206,
0.00810153502970934,
0.008530457504093647,
0.009722207672894001,
0.007629535160958767,
0.008462058380246162,
0.009654387831687927,
0.009803120978176594,
0.010683029890060425,
0.007363098673522472,
0.009525081142783165,
0.012661447748541832,
0.006493338383734226,
0.010156587697565556,
0.007237541489303112,
0.012556644156575203,
0.00819812249392271,
0.008550803177058697,
0.007127134129405022,
0.009643389843404293,
0.013483173213899136,
0.009249670431017876,
0.008976373821496964,
0.008262034505605698,
0.010379097424447536,
0.008481252007186413,
0.010659334249794483,
0.009144254960119724,
0.009101806208491325,
0.009799245744943619,
0.008190222084522247,
0.008979713544249535,
0.007833217270672321,
0.009212818928062916,
0.010528872720897198,
0.01029232982546091,
0.012910966761410236,
0.0063462830148637295,
0.007498534396290779,
0.008646066300570965,
0.00937236100435257,
0.010980108752846718,
0.009336555376648903,
0.00884112436324358,
0.011681870557367802,
0.008290372788906097,
0.00817131344228983,
0.010249623097479343,
0.008083063177764416,
0.00694415345788002,
0.012332567013800144,
0.009057004936039448,
0.007802681531757116,
0.010549135506153107,
0.008881685324013233,
0.008331546559929848,
0.012979318387806416,
0.010649986565113068,
0.00926460511982441,
0.008075396530330181,
0.01342228427529335,
0.007709117140620947,
0.010176057927310467,
0.01055422704666853,
0.008969083428382874,
0.01025159377604723,
0.009809071198105812,
0.03620961308479309,
0.011571339331567287,
0.013510170392692089,
0.008770407177507877,
0.008473317138850689,
0.014529953710734844,
0.010642489418387413,
0.006507734302431345,
0.009347229264676571,
0.008982152678072453,
0.012845417484641075,
0.008047033101320267,
0.010614380240440369,
0.013223099522292614,
0.008230241946876049,
0.007249463815242052,
0.012436242774128914,
0.008631419390439987,
0.009472079575061798,
0.009402991272509098,
0.0071740769781172276,
0.007369020022451878,
0.009688819758594036,
0.01367224007844925,
0.008408131077885628,
0.010597349144518375,
0.006315729580819607,
0.008404863066971302,
0.007966039702296257,
0.012276767753064632,
0.00882010068744421,
0.007253383751958609,
0.012556556612253189,
0.008840947411954403,
0.007369707338511944,
0.011662590317428112,
0.00884771253913641,
0.008288251236081123,
0.009111606515944004,
0.00799207016825676,
0.00910703744739294,
0.010134116746485233,
0.008400778286159039,
0.011734790168702602,
0.007915738970041275,
0.010266832076013088,
0.00853180605918169,
0.008280644193291664,
0.007800676394253969,
0.006946347188204527,
0.007788440212607384,
0.008823166601359844,
0.006766941864043474,
0.007989546284079552,
0.008614646270871162,
0.0072976695373654366,
0.008456741459667683,
0.012005127035081387,
0.009555007331073284,
0.00737016461789608,
0.007954295724630356,
0.00801782589405775,
0.007794246077537537,
0.00937111210078001,
0.010691165924072266,
0.006038004998117685,
0.007863412611186504,
0.008408275432884693,
0.008023734204471111,
0.009206254035234451,
0.007621051277965307,
0.008642558008432388,
0.011415560729801655,
0.007479185704141855,
0.007443427573889494,
0.00880209356546402,
0.014531100168824196,
0.008595166727900505,
0.012641704641282558,
0.01692839153110981,
0.009797677397727966,
0.009255077689886093,
0.01052847784012556,
0.0073835765942931175,
0.009860359132289886,
0.009343299083411694,
0.007908197119832039,
0.007933815009891987,
0.012650436721742153,
0.008506686426699162,
0.010184050537645817,
0.009808194823563099,
0.008997432887554169,
0.00812568236142397,
0.009663174860179424,
0.010438887402415276,
0.007665206678211689,
0.00961267575621605,
0.012045066803693771,
0.010286697186529636,
0.006934227887541056,
0.009196552447974682,
0.008715801872313023,
0.008454385213553905,
0.011149883270263672,
0.015570782124996185,
0.01268230751156807,
0.0066658686846494675,
0.007529743015766144,
0.009383004158735275,
0.010958556085824966,
0.007274646311998367,
0.011681702919304371,
0.007638847455382347,
0.010162134654819965,
0.010324046015739441,
0.006991333328187466,
0.0072377705946564674,
0.011291583068668842,
0.009519011713564396,
0.010359453037381172,
0.00770624540746212,
0.009369419887661934,
0.007523860316723585,
0.00884818471968174,
0.006453808397054672,
0.009616713970899582,
0.00872076116502285,
0.010772334411740303,
0.007270411588251591,
0.006933848839253187,
0.008715307340025902,
0.0077834464609622955,
0.009732638485729694,
0.008311611600220203,
0.007787591777741909,
0.008431468158960342,
0.009538276121020317,
0.008461598306894302,
0.0072671533562242985,
0.009841091930866241,
0.010533464141190052,
0.007193742319941521,
0.008066675625741482,
0.008276216685771942,
0.008614682592451572,
0.009816019795835018,
0.00826589111238718,
0.008757822215557098,
0.010184777900576591,
0.010968909598886967,
0.01279032975435257,
0.00825479906052351,
0.007882161065936089,
0.007213974371552467,
0.00812193937599659,
0.00829047430306673,
0.01776687242090702,
0.008855468593537807,
0.01104826107621193,
0.008192486129701138,
0.010412849485874176,
0.011786939576268196,
0.01651782914996147,
0.008860592730343342,
0.007560352329164743,
0.007234961725771427,
0.008000683970749378,
0.009977716952562332,
0.010496444068849087,
0.012701328843832016,
0.011574793606996536,
0.01076438743621111,
0.007854918017983437,
0.007959487847983837,
0.010122795589268208,
0.009170858189463615,
0.01613982580602169,
0.015599419362843037,
0.014097169041633606,
0.01028006337583065,
0.009696285240352154,
0.013981693424284458,
0.009577552787959576,
0.010135981254279613,
0.008132672868669033,
0.009603816084563732,
0.00889702420681715,
0.010384749621152878,
0.007995477877557278,
0.006691453978419304,
0.008586673997342587,
0.008254489861428738,
0.008313106372952461,
0.008428073488175869,
0.010210170410573483,
0.014571337029337883,
0.007530315313488245,
0.009285327978432178,
0.007480886299163103,
0.00670585548505187,
0.007843444123864174,
0.008777173236012459,
0.010233094915747643,
0.0109949242323637,
0.013397766277194023,
0.013670270331203938,
0.007986723445355892,
0.011512327007949352,
0.016659997403621674,
0.01865340583026409,
0.013030494563281536,
0.00863115955144167,
0.009191821329295635,
0.00853367242962122,
0.009888323955237865,
0.01079409010708332,
0.010237056761980057,
0.010728240013122559,
0.00893546175211668,
0.009610102511942387
]
